13.5
43.0
72.5
103.0
133.5
164.0
194.5
225.5
256.0
286.5
317.0
347.5
378.5
408.0
437.5
468.0
498.5
529.0
559.5
590.5
621.0
651.5
682.0
712.5
743.5
773.5
803.5
834.0
864.5
895.0
925.5
956.5
987.0
1017.5
1048.0
1078.5
1109.5
1139.0
1168.5
1199.0
1229.5
1260.0
1290.5
1321.5
1352.0
1382.5
1413.0
1443.5
1474.5
1504.0
1533.5
1564.0
1594.5
1625.0
1655.5
1686.5
1717.0
1747.5
1778.0
1808.5
1839.5
1869.0
1898.5
1929.0
1959.5
1990.0
2020.5
2051.5
2082.0
2112.5
2143.0
2173.5
2204.5
2234.5
2264.5
2295.0
2325.5
2356.0
2386.5
2417.5
2448.0
2478.5
2509.0
2539.5
2570.5
2600.0
2629.5
2660.0
2690.5
2721.0
2751.5
2782.5
2813.0
2843.5
2874.0
2904.5
2935.5
2965.0
2994.5
3025.0
3055.5
3086.0
3116.5
3147.5
3178.0
3208.5
3239.0
3269.5
3300.5
3330.0
3359.5
3390.0
3420.5
3451.0
3481.5
3512.5
3543.0
3573.5
3604.0
3634.5
3665.5
3695.5
3725.5
3756.0
3786.5
3817.0
3847.5
3878.5
3909.0
3939.5
3970.0
4000.5
4031.5
4061.0
4090.5
4121.0
4151.5
4182.0
4212.5
4243.5
4274.0
4304.5
4335.0
4365.5
4396.5
4426.0
4455.5
4486.0
4516.5
4547.0
4577.5
4608.5
4639.0
4669.5
4700.0
4730.5
4761.5
4791.0
4820.5
4851.0
4881.5
4912.0
4942.5
4973.5
5004.0
5034.5
5065.0
5095.5
5126.5
5156.5
5186.5
5217.0
5247.5
5278.0
5308.5
5339.5
5370.0
5400.5
5431.0
5461.5
5492.5
5522.0
5551.5
5582.0
5612.5
5643.0
5673.5
5704.5
5735.0
5765.5
5796.0
5826.5
5857.5
5887.0
5916.5
5947.0
5977.5
6008.0
6038.5
6069.5
6100.0
6130.5
6161.0
6191.5
6222.5
6252.0
6281.5
6312.0
6342.5
6373.0
6403.5
6434.5
6465.0
6495.5
6526.0
6556.5
6587.5
6617.5
6647.5
6678.0
6708.5
6739.0
6769.5
6800.5
6831.0
6861.5
6892.0
6922.5
6953.5
6983.0
7012.5
7043.0
7073.5
7104.0
7134.5
7165.5
7196.0
7226.5
7257.0
7287.5
7318.5
7348.0
7377.5
7408.0
7438.5
7469.0
7499.5
7530.5
7561.0
7591.5
7622.0
7652.5
7683.5
7713.0
7742.5
7773.0
7803.5
7834.0
7864.5
7895.5
7926.0
7956.5
7987.0
8017.5
8048.5
8078.5
8108.5
8139.0
8169.5
8200.0
8230.5
8261.5
8292.0
8322.5
8353.0
8383.5
8414.5
8444.0
8473.5
8504.0
8534.5
8565.0
8595.5
8626.5
8657.0
8687.5
8718.0
8748.5
8779.5
8809.0
8838.5
8869.0
8899.5
8930.0
8960.5
8991.5
9022.0
9052.5
9083.0
9113.5
9144.5
9174.0
9203.5
9234.0
9264.5
9295.0
9325.5
9356.5
9387.0
9417.5
9448.0
9478.5
9509.5
9539.5
9569.5
9600.0
9630.5
9661.0
9691.5
9722.5
9753.0
9783.5
9814.0
9844.5
9875.5
9905.0
9934.5
9965.0
9995.5
10026.0
10056.5
10087.5
10118.0
10148.5
10179.0
10209.5
10240.5
10270.0
10299.5
10330.0
10360.5
10391.0
10421.5
10452.5
10483.0
10513.5
10544.0
10574.5
10605.5
10635.0
10664.5
10695.0
10725.5
10756.0
10786.5
10817.5
10848.0
10878.5
10909.0
10939.5
10970.5
11000.5
11030.5
11061.0
11091.5
11122.0
11152.5
11183.5
11214.0
11244.5
11275.0
11305.5
11336.5
11366.0
11395.5
11426.0
11456.5
11487.0
11517.5
11548.5
11579.0
11609.5
11640.0
11670.5
11701.5
11731.0
11760.5
11791.0
11821.5
11852.0
11882.5
11913.5
11944.0
11974.5
12005.0
12035.5
12066.5
12096.0
12125.5
12156.0
12186.5
12217.0
12247.5
12278.5
12309.0
12339.5
12370.0
12400.5
12431.5
12461.5
12491.5
12522.0
12552.5
12583.0
12613.5
12644.5
12675.0
12705.5
12736.0
12766.5
12797.5
12827.0
12856.5
12887.0
12917.5
12948.0
12978.5
13009.5
13040.0
13070.5
13101.0
13131.5
13162.5
13192.0
13221.5
13252.0
13282.5
13313.0
13343.5
13374.5
13405.0
13435.5
13466.0
13496.5
13527.5
13557.0
13586.5
13617.0
13647.5
13678.0
13708.5
13739.5
13770.0
13800.5
13831.0
13861.5
13892.5
13922.5
13952.5
13983.0
14013.5
14044.0
14074.5
14105.5
14136.0
14166.5
14197.0
14227.5
14258.5
14288.0
14317.5
14348.0
14378.5
14409.0
14439.5
14470.5
14501.0
14531.5
14562.0
14592.5
14623.5
14653.0
14682.5
14713.0
14743.5
14774.0
14804.5
14835.5
14866.0
14896.5
14927.0
14957.5
14988.5
15018.0
15047.5
15078.0
15108.5
15139.0
15169.5
15200.5
15231.0
15261.5
15292.0
15322.5
15353.5
15383.5
15413.5
15444.0
15474.5
15505.0
15535.5
15566.5
15597.0
15627.5
15658.0
15688.5
15719.5
15749.0
15778.5
15809.0
15839.5
15870.0
15900.5
15931.5
15962.0
15992.5
16023.0
16053.5
16084.5
16114.0
16143.5
16174.0
16204.5
16235.0
16265.5
16296.5
16327.0
16357.5
16388.0
16418.5
16449.5
16479.0
16508.5
16539.0
16569.5
16600.0
16630.5
16661.5
16692.0
16722.5
16753.0
16783.5
16814.5
16844.5
16874.5
16905.0
16935.5
16966.0
16996.5
17027.5
17058.0
17088.5
17119.0
17149.5
17180.5
17210.0
17239.5
17270.0
17300.5
17331.0
17361.5
17392.5
17423.0
17453.5
17484.0
17514.5
17545.5
17575.0
17604.5
17635.0
17665.5
17696.0
17726.5
17757.5
17788.0
17818.5
17849.0
17879.5
17910.5
17940.0
17969.5
18000.0
18030.5
18061.0
18091.5
18122.5
18153.0
18183.5
18214.0
18244.5
18275.5
18305.5
18335.5
18366.0
18396.5
18427.0
18457.5
18488.5
18519.0
18549.5
18580.0
18610.5
18641.5
18671.0
18700.5
18731.0
18761.5
18792.0
18822.5
18853.5
18884.0
18914.5
18945.0
18975.5
19006.5
19036.0
19065.5
19096.0
19126.5
19157.0
19187.5
19218.5
19249.0
19279.5
19310.0
19340.5
19371.5
19401.0
19430.5
19461.0
19491.5
19522.0
19552.5
19583.5
19614.0
19644.5
19675.0
19705.5
19736.5
19766.5
19796.5
19827.0
19857.5
19888.0
19918.5
19949.5
19980.0
20010.5
20041.0
20071.5
20102.5
20132.0
20161.5
20192.0
20222.5
20253.0
20283.5
20314.5
20345.0
20375.5
20406.0
20436.5
20467.5
20497.0
20526.5
20557.0
20587.5
20618.0
20648.5
20679.5
20710.0
20740.5
20771.0
20801.5
20832.5
20862.0
20891.5
20922.0
20952.5
20983.0
21013.5
21044.5
21075.0
21105.5
21136.0
21166.5
21197.5
21227.5
21257.5
21288.0
21318.5
21349.0
21379.5
21410.5
21441.0
21471.5
21502.0
21532.5
21563.5
21593.0
21622.5
21653.0
21683.5
21714.0
21744.5
21775.5
21806.0
21836.5
21867.0
21897.5
21928.5
21958.0
21987.5
22018.0
22048.5
22079.0
22109.5
22140.5
22171.0
22201.5
22232.0
22262.5
22293.5
22323.0
22352.5
22383.0
22413.5
22444.0
22474.5
22505.5
22536.0
22566.5
22597.0
22627.5
22658.5
22688.5
22718.5
22749.0
22779.5
22810.0
22840.5
22871.5
22902.0
22932.5
22963.0
22993.5
23024.5
23054.0
23083.5
23114.0
23144.5
23175.0
23205.5
23236.5
23267.0
23297.5
23328.0
23358.5
23389.5
23419.0
23448.5
23479.0
23509.5
23540.0
23570.5
23601.5
23632.0
23662.5
23693.0
23723.5
23754.5
23784.0
23813.5
23844.0
23874.5
23905.0
23935.5
23966.5
23997.0
24027.5
24058.0
24088.5
24119.5
24149.5
24179.5
24210.0
24240.5
24271.0
24301.5
24332.5
24363.0
24393.5
24424.0
24454.5
24485.5
24515.0
24544.5
24575.0
24605.5
24636.0
24666.5
24697.5
24728.0
24758.5
24789.0
24819.5
24850.5
24880.0
24909.5
24940.0
24970.5
25001.0
25031.5
25062.5
25093.0
25123.5
25154.0
25184.5
25215.5
25245.0
25274.5
25305.0
25335.5
25366.0
25396.5
25427.5
25458.0
25488.5
25519.0
25549.5
25580.5
25610.5
25640.5
25671.0
25701.5
25732.0
25762.5
25793.5
25824.0
25854.5
25885.0
25915.5
25946.5
25976.0
26005.5
26036.0
26066.5
26097.0
26127.5
26158.5
26189.0
26219.5
26250.0
26280.5
26311.5
26341.0
26370.5
26401.0
26431.5
26462.0
26492.5
26523.5
26554.0
26584.5
26615.0
26645.5
26676.5
26706.0
26735.5
26766.0
26796.5
26827.0
26857.5
26888.5
26919.0
26949.5
26980.0
27010.5
27041.5
27071.5
27101.5
27132.0
27162.5
27193.0
27223.5
27254.5
27285.0
27315.5
27346.0
27376.5
27407.5
27437.0
27466.5
27497.0
27527.5
27558.0
27588.5
27619.5
27650.0
27680.5
27711.0
27741.5
27772.5
27802.0
27831.5
27862.0
27892.5
27923.0
27953.5
27984.5
28015.0
28045.5
28076.0
28106.5
28137.5
28167.0
28196.5
28227.0
28257.5
28288.0
28318.5
28349.5
28380.0
28410.5
28441.0
28471.5
28502.5
28532.5
28562.5
28593.0
28623.5
28654.0
28684.5
28715.5
28746.0
28776.5
28807.0
28837.5
28868.5
28898.0
28927.5
28958.0
28988.5
29019.0
29049.5
29080.5
29111.0
29141.5
29172.0
29202.5
29233.5
29263.0
29292.5
29323.0
29353.5
29384.0
29414.5
29445.5
29476.0
29506.5
29537.0
29567.5
29598.5
29628.0
29657.5
29688.0
29718.5
29749.0
29779.5
29810.5
29841.0
29871.5
29902.0
29932.5
29963.5
29993.5
30023.5
30054.0
30084.5
30115.0
30145.5
30176.5
30207.0
30237.5
30268.0
30298.5
30329.5
30359.0
30388.5
30419.0
30449.5
30480.0
30510.5
30541.5
30572.0
30602.5
30633.0
30663.5
30694.5
30724.0
30753.5
30784.0
30814.5
30845.0
30875.5
30906.5
30937.0
30967.5
30998.0
31028.5
31059.5
31089.0
31118.5
31149.0
31179.5
31210.0
31240.5
31271.5
31302.0
31332.5
31363.0
31393.5
31424.5
31454.5
31484.5
31515.0
31545.5
31576.0
31606.5
31637.5
31668.0
31698.5
31729.0
31759.5
31790.5
31820.0
31849.5
31880.0
31910.5
31941.0
31971.5
32002.5
32033.0
32063.5
32094.0
32124.5
32155.5
32185.0
32214.5
32245.0
32275.5
32306.0
32336.5
32367.5
32398.0
32428.5
32459.0
32489.5
32520.5
32550.0
32579.5
32610.0
32640.5
32671.0
32701.5
32732.5
32763.0
32793.5
32824.0
32854.5
32885.5
32915.5
32945.5
32976.0
33006.5
33037.0
33067.5
33098.5
33129.0
33159.5
33190.0
33220.5
33251.5
33281.0
33310.5
33341.0
33371.5
33402.0
33432.5
33463.5
33494.0
33524.5
33555.0
33585.5
33616.5
33646.0
33675.5
33706.0
33736.5
33767.0
33797.5
33828.5
33859.0
33889.5
33920.0
33950.5
33981.5
34011.0
34040.5
34071.0
34101.5
34132.0
34162.5
34193.5
34224.0
34254.5
34285.0
34315.5
34346.5
34376.5
34406.5
34437.0
34467.5
34498.0
34528.5
34559.5
34590.0
34620.5
34651.0
34681.5
34712.5
34742.0
34771.5
34802.0
34832.5
34863.0
34893.5
34924.5
34955.0
34985.5
35016.0
35046.5
35077.5
35107.0
35136.5
35167.0
35197.5
35228.0
35258.5
35289.5
35320.0
35350.5
35381.0
35411.5
35442.5
35472.0
35501.5
35532.0
35562.5
35593.0
35623.5
35654.5
35685.0
35715.5
35746.0
35776.5
35807.5
35837.5
35867.5
35898.0
35928.5
35959.0
35989.5
36020.5
36051.0
36081.5
36112.0
36142.5
36173.5
36203.0
36232.5
36263.0
36293.5
36324.0
36354.5
36385.5
36416.0
36446.5
36477.0
36507.5
36538.5
36568.0
36597.5
36628.0
36658.5
36689.0
36719.5
36750.5
36781.0
36811.5
36842.0
36872.5
36903.5
36933.0
36962.5
36993.0
37023.5
37054.0
37084.5
37115.5
37146.0
37176.5
37207.0
37237.5
37268.5
37298.5
37328.5
37359.0
37389.5
37420.0
37450.5
37481.5
37512.0
37542.5
37573.0
37603.5
37634.5
37664.0
37693.5
37724.0
37754.5
37785.0
37815.5
37846.5
37877.0
37907.5
37938.0
37968.5
37999.5
38029.0
38058.5
38089.0
38119.5
38150.0
38180.5
38211.5
38242.0
38272.5
38303.0
38333.5
38364.5
38394.0
38423.5
38454.0
38484.5
38515.0
38545.5
38576.5
38607.0
38637.5
38668.0
38698.5
38729.5
38759.5
38789.5
38820.0
38850.5
38881.0
38911.5
38942.5
38973.0
39003.5
39034.0
39064.5
39095.5
39125.0
39154.5
39185.0
39215.5
39246.0
39276.5
39307.5
39338.0
39368.5
39399.0
39429.5
39460.5
39490.0
39519.5
39550.0
39580.5
39611.0
39641.5
39672.5
39703.0
39733.5
39764.0
39794.5
39825.5
39855.0
39884.5
39915.0
39945.5
39976.0
40006.5
40037.5
40068.0
40098.5
40129.0
40159.5
40190.5
40220.5
40250.5
40281.0
40311.5
40342.0
40372.5
40403.5
40434.0
40464.5
40495.0
40525.5
40556.5
40586.0
40615.5
40646.0
40676.5
40707.0
40737.5
40768.5
40799.0
40829.5
40860.0
40890.5
40921.5
40951.0
40980.5
41011.0
41041.5
41072.0
41102.5
41133.5
41164.0
41194.5
41225.0
41255.5
41286.5
41316.0
41345.5
41376.0
41406.5
41437.0
41467.5
41498.5
41529.0
41559.5
41590.0
41620.5
41651.5
41681.5
41711.5
41742.0
41772.5
41803.0
41833.5
41864.5
41895.0
41925.5
41956.0
41986.5
42017.5
42047.0
42076.5
42107.0
42137.5
42168.0
42198.5
42229.5
42260.0
42290.5
42321.0
42351.5
42382.5
42412.0
42441.5
42472.0
42502.5
42533.0
42563.5
42594.5
42625.0
42655.5
42686.0
42716.5
42747.5
42777.0
42806.5
42837.0
42867.5
42898.0
42928.5
42959.5
42990.0
43020.5
43051.0
43081.5
43112.5
43142.5
43172.5
43203.0
43233.5
43264.0
43294.5
43325.5
43356.0
43386.5
43417.0
43447.5
43478.5
43508.0
43537.5
43568.0
43598.5
43629.0
43659.5
43690.5
43721.0
43751.5
43782.0
43812.5
43843.5
43873.0
43902.5
43933.0
43963.5
43994.0
44024.5
44055.5
44086.0
44116.5
44147.0
44177.5
44208.5
44238.0
44267.5
44298.0
44328.5
44359.0
44389.5
44420.5
44451.0
44481.5
44512.0
44542.5
44573.5
44603.5
44633.5
44664.0
44694.5
44725.0
44755.5
44786.5
44817.0
44847.5
44878.0
44908.5
44939.5
44969.0
44998.5
45029.0
45059.5
45090.0
45120.5
45151.5
45182.0
45212.5
45243.0
45273.5
45304.5
45334.0
45363.5
45394.0
45424.5
45455.0
45485.5
45516.5
45547.0
45577.5
45608.0
45638.5
45669.5
45699.0
45728.5
45759.0
45789.5
45820.0
45850.5
45881.5
45912.0
45942.5
45973.0
46003.5
46034.5
46064.5
46094.5
46125.0
46155.5
46186.0
46216.5
46247.5
46278.0
46308.5
46339.0
46369.5
46400.5
46430.0
46459.5
46490.0
46520.5
46551.0
46581.5
46612.5
46643.0
46673.5
46704.0
46734.5
46765.5
46795.0
46824.5
46855.0
46885.5
46916.0
46946.5
46977.5
47008.0
47038.5
47069.0
47099.5
47130.5
47160.0
47189.5
47220.0
47250.5
47281.0
47311.5
47342.5
47373.0
47403.5
47434.0
47464.5
47495.5
47525.5
47555.5
47586.0
47616.5
47647.0
47677.5
47708.5
47739.0
47769.5
47800.0
47830.5
47861.5
47891.0
47920.5
47951.0
47981.5
48012.0
48042.5
48073.5
48104.0
48134.5
48165.0
48195.5
48226.5
48256.0
48285.5
48316.0
48346.5
48377.0
48407.5
48438.5
48469.0
48499.5
48530.0
48560.5
48591.5
48621.0
48650.5
48681.0
48711.5
48742.0
48772.5
48803.5
48834.0
48864.5
48895.0
48925.5
48956.5
48986.5
49016.5
49047.0
49077.5
49108.0
49138.5
49169.5
49200.0
49230.5
49261.0
49291.5
49322.5
49352.0
49381.5
49412.0
49442.5
49473.0
49503.5
49534.5
49565.0
49595.5
49626.0
49656.5
49687.5
49717.0
49746.5
49777.0
49807.5
49838.0
49868.5
49899.5
49930.0
49960.5
49991.0
50021.5
50052.5
50082.0
50111.5
50142.0
50172.5
50203.0
50233.5
50264.5
50295.0
50325.5
50356.0
50386.5
50417.5
50447.5
50477.5
50508.0
50538.5
50569.0
50599.5
50630.5
50661.0
50691.5
50722.0
50752.5
50783.5
50813.0
50842.5
50873.0
50903.5
50934.0
50964.5
50995.5
51026.0
51056.5
51087.0
51117.5
51148.5
51178.0
51207.5
51238.0
51268.5
51299.0
51329.5
51360.5
51391.0
51421.5
51452.0
51482.5
51513.5
51543.0
51572.5
51603.0
51633.5
51664.0
51694.5
51725.5
51756.0
51786.5
51817.0
51847.5
51878.5
51908.5
51938.5
51969.0
51999.5
52030.0
52060.5
52091.5
52122.0
52152.5
52183.0
52213.5
52244.5
52274.0
52303.5
52334.0
52364.5
52395.0
52425.5
52456.5
52487.0
52517.5
52548.0
52578.5
52609.5
52639.0
52668.5
52699.0
52729.5
52760.0
52790.5
52821.5
52852.0
52882.5
52913.0
52943.5
52974.5
53004.0
53033.5
53064.0
53094.5
53125.0
53155.5
53186.5
53217.0
53247.5
53278.0
53308.5
53339.5
53369.5
53399.5
53430.0
53460.5
53491.0
53521.5
53552.5
53583.0
53613.5
53644.0
53674.5
53705.5
53735.0
53764.5
53795.0
53825.5
53856.0
53886.5
53917.5
53948.0
53978.5
54009.0
54039.5
54070.5
54100.0
54129.5
54160.0
54190.5
54221.0
54251.5
54282.5
54313.0
54343.5
54374.0
54404.5
